testimage1:
eye: (785.242,22.3202,88.7875)
center: (-0.255832,-27.5444,64.3026)
up: (0.0194437,0.176901,-0.984037)
dir: (-0.993138,-0.0280065,-0.113542)


testimage2:
eye: (276.361,-613.643,166.148)
center: (-0.255832,-27.5444,64.3026)
up: (0.103845,-0.122501,-0.987021)
dir: (-0.398469,0.884933,-0.241073)
