testimage-novignette1.png
eye: (1719.77,-194.434,-9.39072)
center: (4.20501,-32.9127,60.107)
up: (-0.0305403,0.10339,-0.994172)
dir: (-0.993651,0.112398,0.00485129)

testimage-novignette2.png
eye: (411.142,-1636.93,546.747)
center: (4.20501,-32.9127,60.107)
up: (0.0120204,-0.287506,-0.957704)
dir: (-0.231733,0.922494,-0.308714)
